(444, 524, 31, 12710),
(977, 517, 6, 2460),
(592, 421, 28, 11480),
(354, 683, 20, 8200),
(447, 923, 6, 2460),
(571, 986, 41, 16810),
(63, 364, 46, 18860),
(512, 770, 22, 9020),
(489, 751, 22, 9020),
(319, 778, 44, 18040),
(908, 790, 45, 18450),
(798, 464, 46, 18860),
(571, 100, 34, 13940),
(675, 389, 35, 14350),
(241, 909, 7, 2870),
(781, 752, 48, 19680),
(42, 224, 39, 15990),
(450, 153, 38, 15580),
(879, 139, 16, 6560),
(391, 367, 37, 15170),
(224, 255, 49, 20090),
(126, 573, 9, 3690),
(262, 191, 10, 4100),
(260, 153, 20, 8200),
(686, 474, 30, 12300),
(350, 5, 38, 15580),
(51, 693, 43, 17630),
(58, 513, 48, 19680),
(978, 460, 26, 10660),
(4, 834, 9, 3690),
(743, 9, 26, 10660),
(714, 675, 9, 3690),
(628, 24, 36, 14760),
(559, 964, 42, 17220),
(635, 294, 7, 2870),
(56, 248, 28, 11480),
(233, 80, 40, 16400),
(877, 798, 46, 18860),
(614, 183, 18, 7380),
(969, 470, 2, 820),
(317, 706, 48, 19680),
(893, 638, 14, 5740),
(435, 371, 16, 6560),
(998, 88, 19, 7790),
(180, 692, 50, 20500),
(580, 380, 20, 8200),
(843, 249, 10, 4100),
(616, 418, 38, 15580),
(995, 248, 12, 4920),
(712, 595, 9, 3690),
(556, 666, 48, 19680),
(558, 179, 25, 10250),
(365, 688, 14, 5740),
(898, 997, 4, 1640),
(977, 273, 41, 16810),
(225, 870, 31, 12710),
(370, 253, 9, 3690),
(660, 454, 30, 12300),
(334, 999, 47, 19270),
(88, 938, 41, 16810),
(87, 835, 14, 5740),
(557, 174, 34, 13940),
(314, 634, 48, 19680),
(708, 551, 30, 12300),
(553, 911, 2, 820),
(956, 39, 6, 2460),
(184, 796, 26, 10660),
(377, 174, 16, 6560),
(149, 229, 37, 15170),
(738, 961, 30, 12300),
(751, 180, 49, 20090),
(587, 130, 16, 6560),
(695, 410, 8, 3280),
(59, 29, 1, 410),
(402, 741, 25, 10250),
(14, 13, 9, 3690),
(804, 967, 34, 13940),
(978, 194, 49, 20090),
(26, 515, 36, 14760),
(214, 798, 28, 11480),
(11, 207, 25, 10250),
(498, 209, 48, 19680),
(675, 214, 3, 1230),
(911, 387, 13, 5330),
(910, 58, 6, 2460),
(637, 651, 12, 4920),
(529, 983, 1, 410),
(113, 920, 50, 20500),
(111, 10, 41, 16810),
(950, 958, 2, 820),
(189, 201, 36, 14760),
(445, 705, 42, 17220),
(328, 615, 32, 13120),
(126, 971, 1, 410),
(979, 944, 4, 1640),
(518, 799, 11, 4510),
(244, 56, 28, 11480),
(845, 930, 26, 10660),
(898, 339, 20, 8200),
(628, 860, 21, 8610),
(649, 914, 14, 5740),
(38, 410, 39, 15990),
(384, 804, 1, 410),
(257, 161, 19, 7790),
(518, 339, 7, 2870),
(138, 441, 10, 4100),
(318, 653, 16, 6560),
(307, 12, 28, 11480),
(757, 476, 4, 1640),
(667, 218, 30, 12300),
(487, 262, 47, 19270),
(176, 315, 13, 5330),
(969, 189, 43, 17630),
(61, 668, 36, 14760),
(534, 414, 28, 11480),
(274, 724, 21, 8610),
(688, 624, 29, 11890),
(754, 564, 7, 2870),
(69, 40, 45, 18450),
(896, 163, 12, 4920),
(972, 779, 11, 4510),
(2, 95, 41, 16810),
(967, 940, 41, 16810),
(972, 567, 27, 11070),
(134, 916, 25, 10250),
(542, 909, 39, 15990),
(878, 815, 8, 3280),
(624, 812, 31, 12710),
(297, 433, 6, 2460),
(686, 495, 20, 8200),
(933, 315, 9, 3690),
(12, 173, 47, 19270),
(476, 460, 18, 7380),
(288, 176, 19, 7790),
(728, 726, 8, 3280),
(260, 787, 5, 2050),
(462, 68, 25, 10250),
(614, 707, 49, 20090),
(742, 72, 26, 10660),
(96, 764, 2, 820),
(49, 503, 18, 7380),
(127, 914, 31, 12710),
(767, 859, 40, 16400),
(640, 807, 30, 12300),
(978, 554, 30, 12300),
(452, 503, 34, 13940),
(295, 992, 34, 13940),
(260, 854, 16, 6560),
(913, 64, 46, 18860),
(430, 308, 16, 6560),
(263, 479, 30, 12300),
(211, 710, 45, 18450),
(781, 864, 44, 18040),
(840, 917, 42, 17220),
(241, 727, 39, 15990),
(376, 384, 43, 17630),
(898, 938, 4, 1640),
(650, 612, 30, 12300),
(644, 387, 32, 13120),
(747, 608, 23, 9430),
(336, 655, 43, 17630),
(854, 655, 11, 4510),
(457, 834, 17, 6970),
(498, 168, 28, 11480),
(120, 617, 32, 13120),
(265, 565, 47, 19270),
(32, 418, 17, 6970),
(938, 123, 45, 18450),
(951, 266, 11, 4510),
(687, 274, 29, 11890),
(384, 661, 26, 10660),
(116, 338, 10, 4100),
(65, 590, 13, 5330),
(722, 110, 41, 16810),
(72, 143, 22, 9020),
(912, 909, 43, 17630),
(962, 773, 40, 16400),
(159, 142, 27, 11070),
(2, 762, 10, 4100),
(158, 163, 9, 3690),
(94, 911, 50, 20500),
(607, 671, 6, 2460),
(205, 701, 34, 13940),
(336, 824, 29, 11890),
(700, 878, 15, 6150),
(951, 631, 44, 18040),
(478, 934, 4, 1640),
(219, 313, 17, 6970),
(673, 342, 42, 17220),
(837, 16, 2, 820),
(41, 441, 8, 3280),
(554, 541, 31, 12710),
(536, 236, 1, 410),
(791, 352, 20, 8200),
(49, 554, 38, 15580),
(787, 268, 49, 20090),
(320, 536, 17, 6970),
(368, 146, 3, 1230),
(456, 625, 17, 6970),
(378, 616, 22, 9020),
(37, 841, 28, 11480),
(37, 875, 41, 16810),
(741, 762, 7, 2870),
(101, 572, 31, 12710),
(410, 28, 9, 3690),
(580, 697, 44, 18040),
(604, 944, 21, 8610),
(531, 261, 26, 10660),
(58, 148, 41, 16810),
(926, 175, 33, 13530),
(981, 474, 22, 9020),
(718, 374, 31, 12710),
(530, 953, 13, 5330),
(866, 418, 29, 11890),
(56, 720, 33, 13530),
(110, 759, 3, 1230),
(585, 386, 18, 7380),
(301, 930, 15, 6150),
(120, 231, 45, 18450),
(629, 803, 9, 3690),
(224, 650, 50, 20500),
(488, 881, 32, 13120),
(482, 364, 19, 7790),
(267, 191, 36, 14760),
(674, 950, 7, 2870),
(600, 620, 13, 5330),
(899, 122, 11, 4510),
(315, 554, 27, 11070),
(280, 656, 12, 4920),
(1, 308, 21, 8610),
(595, 360, 1, 410),
(940, 158, 18, 7380),
(597, 201, 36, 14760),
(15, 424, 11, 4510),
(58, 231, 45, 18450),
(247, 836, 33, 13530),
(588, 878, 2, 820),
(621, 536, 36, 14760),
(666, 574, 32, 13120),
(196, 728, 20, 8200),
(769, 273, 22, 9020),
(283, 950, 17, 6970),
(460, 459, 24, 9840),
(806, 587, 4, 1640),
(380, 519, 2, 820),
(34, 639, 31, 12710),
(284, 620, 45, 18450),
(455, 719, 47, 19270),
(928, 945, 48, 19680),
(755, 168, 7, 2870),
(582, 579, 1, 410),
(894, 301, 30, 12300),
(648, 879, 11, 4510),
(125, 581, 3, 1230),
(181, 119, 45, 18450),
(812, 71, 3, 1230),
(418, 117, 11, 4510),
(870, 776, 35, 14350),
(550, 915, 5, 2050),
(194, 727, 11, 4510),
(937, 35, 42, 17220),
(853, 415, 15, 6150),
(63, 671, 40, 16400),
(13, 837, 12, 4920),
(208, 12, 43, 17630),
(101, 310, 36, 14760),
(519, 660, 44, 18040),
(523, 801, 6, 2460),
(606, 697, 23, 9430),
(148, 638, 35, 14350),
(875, 133, 12, 4920),
(455, 818, 39, 15990),
(598, 739, 47, 19270),
(708, 887, 6, 2460),
(257, 378, 46, 18860),
(469, 306, 35, 14350),
(553, 559, 9, 3690),
(349, 50, 45, 18450),
(456, 243, 49, 20090),
(671, 949, 46, 18860),
(504, 653, 38, 15580),
(533, 184, 11, 4510),
(986, 629, 1, 410),
(71, 943, 46, 18860),
(295, 342, 40, 16400),
(491, 484, 28, 11480),
(75, 731, 17, 6970),
(902, 91, 33, 13530),
(351, 942, 30, 12300),
(980, 988, 22, 9020),
(513, 539, 24, 9840),
(510, 305, 50, 20500),
(973, 575, 11, 4510),
(273, 985, 24, 9840),
(178, 440, 6, 2460),
(842, 646, 6, 2460),
(847, 616, 33, 13530),
(274, 219, 7, 2870),
(877, 269, 13, 5330),
(166, 170, 21, 8610),
(485, 874, 21, 8610),
(376, 66, 11, 4510),
(783, 778, 14, 5740),
(629, 24, 5, 2050),
(706, 767, 20, 8200),
(856, 828, 27, 11070),
(682, 891, 3, 1230),
(878, 972, 22, 9020),
(940, 118, 26, 10660),
(437, 129, 24, 9840),
(184, 66, 25, 10250),
(978, 677, 5, 2050),
(219, 655, 44, 18040),
(497, 223, 49, 20090),
(257, 871, 12, 4920),
(791, 783, 45, 18450),
(10, 321, 16, 6560),
(389, 678, 5, 2050),
(412, 788, 24, 9840),
(366, 144, 42, 17220),
(798, 178, 24, 9840),
(293, 272, 8, 3280),
(580, 19, 7, 2870),
(94, 549, 21, 8610),
(41, 2, 25, 10250),
(514, 226, 48, 19680),
(613, 733, 42, 17220),
(277, 682, 46, 18860),
(66, 885, 36, 14760),
(511, 58, 32, 13120),
(433, 980, 50, 20500),
(666, 464, 42, 17220),
(61, 230, 11, 4510),
(44, 120, 2, 820),
(295, 799, 12, 4920),
(242, 842, 20, 8200),
(266, 249, 24, 9840),
(996, 422, 27, 11070),
(136, 123, 47, 19270),
(920, 463, 6, 2460),
(390, 87, 2, 820),
(652, 928, 6, 2460),
(68, 725, 24, 9840),
(158, 43, 11, 4510),
(893, 297, 29, 11890),
(834, 936, 35, 14350),
(14, 429, 17, 6970),
(479, 525, 29, 11890),
(226, 267, 35, 14350),
(202, 767, 44, 18040),
(837, 771, 45, 18450),
(327, 274, 32, 13120),
(676, 688, 23, 9430),
(759, 350, 3, 1230),
(610, 390, 50, 20500),
(351, 993, 25, 10250),
(16, 742, 25, 10250),
(364, 189, 14, 5740),
(782, 981, 14, 5740),
(98, 416, 28, 11480),
(920, 895, 43, 17630),
(71, 93, 32, 13120),
(343, 106, 7, 2870),
(305, 583, 9, 3690),
(262, 740, 43, 17630),
(704, 21, 1, 410),
(619, 953, 6, 2460),
(806, 341, 38, 15580),
(968, 565, 7, 2870),
(580, 423, 33, 13530),
(722, 856, 49, 20090),
(475, 64, 20, 8200),
(54, 860, 1, 410),
(754, 517, 38, 15580),
(250, 523, 35, 14350),
(528, 767, 4, 1640),
(353, 223, 16, 6560),
(299, 320, 21, 8610),
(616, 785, 12, 4920),
(580, 537, 37, 15170),
(706, 192, 2, 820),
(696, 476, 20, 8200),
(873, 521, 28, 11480),
(249, 163, 31, 12710),
(83, 166, 7, 2870),
(567, 922, 41, 16810),
(686, 650, 22, 9020),
(624, 358, 30, 12300),
(454, 74, 47, 19270),
(640, 459, 15, 6150),
(373, 524, 42, 17220),
(195, 856, 1, 410),
(325, 89, 21, 8610),
(2, 86, 17, 6970),
(172, 853, 14, 5740),
(983, 316, 21, 8610),
(587, 911, 9, 3690),
(602, 648, 35, 14350),
(359, 284, 28, 11480),
(468, 347, 16, 6560),
(67, 187, 28, 11480),
(347, 602, 45, 18450),
(390, 857, 23, 9430),
(717, 692, 29, 11890),
(40, 945, 28, 11480),
(173, 337, 40, 16400),
(291, 597, 2, 820),
(835, 155, 42, 17220),
(570, 377, 47, 19270),
(502, 109, 8, 3280),
(866, 353, 6, 2460),
(463, 940, 46, 18860),
(710, 768, 48, 19680),
(142, 432, 48, 19680),
(386, 34, 49, 20090),
(757, 841, 23, 9430),
(206, 114, 2, 820),
(186, 772, 37, 15170),
(445, 812, 45, 18450),
(612, 150, 42, 17220),
(626, 717, 26, 10660),
(92, 735, 45, 18450),
(664, 813, 22, 9020),
(841, 830, 7, 2870),
(384, 794, 21, 8610),
(447, 927, 50, 20500),
(322, 722, 3, 1230),
(22, 856, 30, 12300),
(698, 513, 50, 20500),
(475, 635, 15, 6150),
(95, 155, 48, 19680),
(923, 543, 44, 18040),
(809, 42, 24, 9840),
(834, 714, 11, 4510),
(358, 516, 21, 8610),
(326, 519, 25, 10250),
(553, 675, 16, 6560),
(576, 543, 2, 820),
(348, 661, 16, 6560),
(951, 99, 8, 3280),
(515, 178, 28, 11480),
(571, 980, 9, 3690),
(507, 16, 20, 8200),
(859, 489, 30, 12300),
(110, 71, 10, 4100),
(844, 500, 38, 15580),
(244, 50, 11, 4510),
(488, 398, 35, 14350),
(560, 794, 45, 18450),
(133, 468, 31, 12710),
(319, 707, 33, 13530),
(457, 560, 39, 15990),
(412, 937, 12, 4920),
(593, 14, 47, 19270),
(244, 529, 4, 1640),
(759, 222, 7, 2870),
(673, 560, 14, 5740),
(518, 588, 11, 4510),
(675, 198, 24, 9840),
(645, 696, 37, 15170),
(155, 593, 46, 18860),
(111, 925, 17, 6970),
(360, 956, 16, 6560),
(829, 937, 6, 2460),
(132, 378, 18, 7380),
(666, 509, 49, 20090),
(374, 297, 31, 12710),
(799, 548, 6, 2460),
(367, 462, 6, 2460),
(487, 367, 49, 20090),
(814, 840, 7, 2870),
(945, 734, 47, 19270),
(631, 202, 1, 410),
(542, 723, 19, 7790),
(854, 3, 45, 18450),
(935, 326, 12, 4920),
(526, 214, 14, 5740),
(417, 55, 11, 4510),
(447, 202, 17, 6970),
(626, 581, 28, 11480),
(947, 483, 38, 15580),
(680, 884, 22, 9020),
(355, 58, 41, 16810),
(524, 492, 29, 11890),
(754, 210, 14, 5740),
(602, 771, 40, 16400),
(569, 625, 4, 1640),
(427, 278, 8, 3280),
(265, 118, 14, 5740),
(34, 632, 6, 2460),
(531, 627, 35, 14350),
(206, 929, 44, 18040),
(197, 517, 33, 13530),
(330, 630, 37, 15170),
(405, 836, 44, 18040),
(66, 803, 50, 20500),
(664, 684, 22, 9020),
(245, 608, 5, 2050),
(741, 95, 20, 8200),
(682, 967, 14, 5740),
(729, 334, 34, 13940),
(399, 540, 31, 12710),
(958, 453, 18, 7380),
(426, 360, 7, 2870),
(195, 489, 11, 4510),
(555, 931, 5, 2050),
(715, 929, 37, 15170),
(267, 611, 26, 10660),
(535, 549, 13, 5330),
(498, 661, 19, 7790),
(593, 7, 9, 3690),
(216, 547, 6, 2460),
(607, 64, 16, 6560),
(195, 321, 38, 15580),
(948, 972, 19, 7790),
(141, 934, 32, 13120),
(267, 951, 12, 4920),
(574, 775, 10, 4100),
(4, 21, 20, 8200),
(460, 76, 33, 13530),
(957, 675, 30, 12300),
(471, 11, 14, 5740),
(867, 33, 27, 11070),
(472, 346, 50, 20500),
(495, 396, 16, 6560),
(38, 450, 31, 12710),
(463, 493, 12, 4920),
(10, 657, 15, 6150),
(38, 821, 39, 15990),
(779, 793, 2, 820),
(342, 492, 11, 4510),
(950, 264, 28, 11480),
(409, 975, 31, 12710),
(783, 161, 27, 11070),
(110, 8, 15, 6150),
(678, 976, 21, 8610),
(792, 407, 46, 18860),
(448, 475, 30, 12300),
(255, 976, 26, 10660),
(835, 681, 36, 14760),
(455, 646, 39, 15990),
(635, 581, 44, 18040),
(54, 490, 10, 4100),
(845, 836, 1, 410),
(601, 853, 30, 12300),
(320, 371, 16, 6560),
(66, 800, 7, 2870),
(979, 836, 32, 13120),
(195, 158, 29, 11890),
(495, 438, 9, 3690),
(414, 334, 5, 2050),
(392, 932, 5, 2050),
(857, 28, 2, 820),
(881, 54, 33, 13530),
(907, 567, 19, 7790),
(134, 516, 25, 10250),
(414, 299, 26, 10660),
(203, 146, 2, 820),
(742, 243, 24, 9840),
(408, 256, 37, 15170),
(131, 91, 2, 820),
(137, 304, 1, 410),
(349, 539, 18, 7380),
(127, 595, 13, 5330),
(664, 415, 38, 15580),
(670, 581, 50, 20500),
(439, 305, 14, 5740),
(533, 417, 10, 4100),
(497, 258, 20, 8200),
(414, 49, 4, 1640),
(566, 589, 19, 7790),
(824, 722, 4, 1640),
(293, 794, 15, 6150),
(926, 285, 43, 17630),
(398, 229, 26, 10660),
(478, 853, 43, 17630),
(148, 190, 37, 15170),
(463, 753, 27, 11070),
(121, 222, 30, 12300),
(692, 113, 17, 6970),
(277, 402, 27, 11070),
(370, 197, 42, 17220),
(697, 489, 24, 9840),
(104, 274, 27, 11070),
(771, 779, 43, 17630),
(504, 526, 2, 820),
(320, 721, 22, 9020),
(843, 689, 38, 15580),
(373, 451, 41, 16810),
(184, 386, 49, 20090),
(948, 803, 18, 7380),
(784, 778, 43, 17630),
(4, 498, 17, 6970),
(536, 209, 29, 11890),
(319, 159, 2, 820),
(43, 313, 11, 4510),
(38, 115, 39, 15990),
(338, 371, 26, 10660),
(797, 567, 44, 18040),
(599, 973, 6, 2460),
(756, 51, 9, 3690),
(629, 189, 39, 15990),
(101, 489, 10, 4100),
(725, 500, 7, 2870),
(447, 792, 24, 9840),
(420, 699, 47, 19270),
(453, 128, 7, 2870),
(1, 839, 29, 11890),
(403, 727, 21, 8610),
(668, 528, 15, 6150),
(228, 490, 19, 7790),
(614, 415, 29, 11890),
(439, 831, 34, 13940),
(34, 984, 5, 2050),
(699, 338, 38, 15580),
(866, 676, 19, 7790),
(308, 57, 22, 9020),
(93, 492, 1, 410),
(159, 214, 6, 2460),
(519, 714, 44, 18040),
(796, 294, 22, 9020),
(203, 687, 45, 18450),
(317, 297, 16, 6560),
(530, 45, 40, 16400),
(777, 703, 36, 14760),
(619, 985, 7, 2870),
(829, 288, 44, 18040),
(856, 833, 23, 9430),
(256, 709, 30, 12300),
(804, 554, 45, 18450),
(455, 711, 49, 20090),
(964, 440, 44, 18040),
(725, 527, 8, 3280),
(608, 124, 35, 14350),
(290, 440, 11, 4510),
(798, 427, 38, 15580),
(911, 276, 1, 410),
(581, 333, 46, 18860),
(714, 836, 5, 2050),
(438, 655, 25, 10250),
(375, 982, 32, 13120),
(848, 492, 34, 13940),
(137, 44, 43, 17630),
(126, 601, 19, 7790),
(46, 653, 16, 6560),
(461, 948, 28, 11480),
(419, 15, 45, 18450),
(569, 850, 50, 20500),
(154, 360, 27, 11070),
(396, 857, 5, 2050),
(192, 238, 28, 11480),
(233, 368, 29, 11890),
(445, 698, 3, 1230),
(61, 865, 41, 16810),
(988, 131, 15, 6150),
(118, 50, 20, 8200),
(643, 998, 33, 13530),
(210, 430, 23, 9430),
(93, 863, 7, 2870),
(641, 615, 3, 1230),
(186, 311, 42, 17220),
(66, 844, 22, 9020),
(139, 933, 35, 14350),
(479, 805, 3, 1230),
(652, 830, 50, 20500),
(283, 461, 37, 15170),
(105, 648, 22, 9020),
(967, 197, 12, 4920),
(564, 711, 7, 2870),
(979, 593, 42, 17220),
(819, 134, 1, 410),
(64, 364, 11, 4510),
(642, 186, 11, 4510),
(587, 92, 15, 6150),
(917, 617, 37, 15170),
(958, 463, 13, 5330),
(710, 616, 31, 12710),
(630, 710, 38, 15580),
(583, 168, 16, 6560),
(630, 256, 14, 5740),
(430, 355, 2, 820),
(570, 550, 33, 13530),
(427, 215, 23, 9430),
(687, 340, 49, 20090),
(481, 994, 49, 20090),
(498, 290, 48, 19680),
(317, 295, 41, 16810),
(496, 894, 22, 9020),
(185, 287, 43, 17630),
(175, 72, 36, 14760),
(992, 557, 12, 4920),
(397, 860, 26, 10660),
(635, 895, 33, 13530),
(585, 570, 1, 410),
(473, 703, 40, 16400),
(191, 110, 17, 6970),
(532, 722, 49, 20090),
(625, 760, 7, 2870),
(863, 246, 15, 6150),
(112, 152, 47, 19270),
(887, 548, 20, 8200),
(353, 709, 12, 4920),
(201, 174, 39, 15990),
(319, 150, 33, 13530),
(826, 952, 45, 18450),
(350, 383, 3, 1230),
(791, 878, 47, 19270),
(138, 934, 12, 4920),
(532, 214, 34, 13940),
(757, 554, 49, 20090),
(782, 549, 36, 14760),
(210, 10, 38, 15580),
(847, 84, 2, 820),
(586, 434, 41, 16810),
(819, 816, 16, 6560),
(347, 971, 31, 12710),
(81, 457, 45, 18450),
(975, 167, 10, 4100),
(845, 615, 14, 5740),
(602, 601, 19, 7790),
(328, 574, 24, 9840),
(471, 637, 27, 11070),
(854, 228, 27, 11070),
(250, 691, 29, 11890),
(755, 903, 45, 18450),
(33, 918, 31, 12710),
(429, 761, 41, 16810),
(606, 333, 21, 8610),
(849, 468, 26, 10660),
(978, 666, 38, 15580),
(815, 785, 37, 15170),
(587, 858, 10, 4100),
(261, 836, 25, 10250),
(830, 259, 50, 20500),
(103, 164, 6, 2460),
(79, 782, 42, 17220),
(194, 987, 30, 12300),
(832, 887, 37, 15170),
(835, 6, 15, 6150),
(650, 909, 20, 8200),
(587, 962, 26, 10660),
(232, 967, 3, 1230),
(635, 363, 25, 10250),
(486, 237, 34, 13940),
(919, 673, 27, 11070),
(630, 90, 49, 20090),
(26, 388, 27, 11070),
(152, 888, 25, 10250),
(972, 407, 36, 14760),
(977, 441, 46, 18860),
(658, 617, 5, 2050),
(863, 585, 20, 8200),
(959, 310, 22, 9020),
(598, 732, 10, 4100),
(983, 632, 11, 4510),
(768, 584, 45, 18450),
(20, 129, 4, 1640),
(827, 758, 28, 11480),
(274, 483, 16, 6560),
(360, 537, 9, 3690),
(882, 248, 47, 19270),
(558, 280, 8, 3280),
(952, 359, 16, 6560),
(357, 810, 32, 13120),
(716, 885, 1, 410),
(272, 37, 16, 6560),
(880, 393, 49, 20090),
(357, 33, 11, 4510),
(568, 702, 24, 9840),
(875, 774, 37, 15170),
(128, 773, 17, 6970),
(688, 751, 23, 9430),
(330, 25, 9, 3690),
(373, 942, 34, 13940),
(949, 814, 9, 3690),
(351, 294, 27, 11070),
(276, 223, 12, 4920),
(511, 516, 12, 4920),
(846, 530, 42, 17220),
(308, 619, 41, 16810),
(740, 403, 23, 9430),
(209, 645, 41, 16810),
(152, 196, 40, 16400),
(144, 94, 20, 8200),
(300, 498, 40, 16400),
(68, 242, 38, 15580),
(671, 794, 47, 19270),
(599, 273, 5, 2050),
(161, 63, 21, 8610),
(256, 630, 29, 11890),
(762, 731, 46, 18860),
(584, 526, 14, 5740),
(578, 733, 19, 7790),
(210, 933, 32, 13120),
(594, 192, 46, 18860),
(334, 404, 2, 820),
(582, 584, 25, 10250),
(391, 9, 40, 16400),
(568, 72, 36, 14760),
(867, 666, 9, 3690),
(572, 207, 18, 7380),
(820, 278, 10, 4100),
(812, 274, 12, 4920),
(74, 324, 47, 19270),
(925, 186, 27, 11070),
(933, 228, 5, 2050),
(99, 345, 25, 10250),
(125, 321, 40, 16400),
(1000, 306, 12, 4920),
(235, 595, 4, 1640),
(271, 703, 8, 3280),
(588, 353, 16, 6560),
(874, 11, 8, 3280),
(381, 750, 42, 17220),
(232, 966, 33, 13530),
(733, 458, 7, 2870),
(281, 331, 31, 12710),
(987, 946, 42, 17220),
(439, 466, 6, 2460),
(509, 963, 14, 5740),
(611, 489, 20, 8200),
(14, 869, 38, 15580),
(295, 395, 8, 3280),
(252, 603, 38, 15580),
(997, 270, 12, 4920),
(544, 815, 10, 4100),
(324, 188, 29, 11890),
(356, 888, 25, 10250),
(900, 446, 31, 12710),
(797, 13, 33, 13530),
(845, 853, 5, 2050),
(178, 846, 34, 13940),
(637, 377, 5, 2050),
(651, 112, 23, 9430),
(235, 99, 32, 13120),
(542, 959, 25, 10250),
(70, 524, 1, 410),
(786, 450, 38, 15580),
(974, 213, 22, 9020),
(389, 664, 47, 19270),
(88, 820, 49, 20090),
(436, 10, 45, 18450),
(22, 649, 26, 10660),
(64, 739, 1, 410),
(814, 853, 6, 2460),
(565, 258, 9, 3690),
(5, 118, 26, 10660),
(666, 803, 46, 18860),
(962, 81, 8, 3280),
(632, 340, 23, 9430),
(592, 42, 15, 6150),
(166, 699, 37, 15170),
(578, 641, 49, 20090),
(378, 671, 8, 3280),
(68, 198, 22, 9020),
(899, 960, 13, 5330),
(360, 753, 16, 6560),
(523, 635, 15, 6150),
(90, 745, 12, 4920),
(831, 573, 41, 16810),
(596, 776, 32, 13120),
(701, 520, 16, 6560),
(316, 668, 20, 8200),
(816, 700, 5, 2050),
(296, 677, 27, 11070),
(474, 445, 4, 1640),
(521, 675, 28, 11480),
(984, 65, 32, 13120),
(222, 483, 5, 2050),
(97, 233, 50, 20500),
(289, 763, 44, 18040),
(215, 888, 47, 19270),
(965, 101, 31, 12710),
(945, 417, 9, 3690),
(795, 516, 16, 6560),
(582, 28, 19, 7790),
(922, 51, 49, 20090),
(843, 782, 13, 5330),
(767, 485, 38, 15580),
(789, 907, 26, 10660),
(920, 508, 35, 14350),
(494, 473, 19, 7790),
(776, 754, 36, 14760),
(395, 344, 42, 17220),
(708, 934, 13, 5330),
(109, 103, 37, 15170),
(29, 826, 2, 820),
(455, 610, 44, 18040),
(950, 426, 40, 16400),
(671, 164, 26, 10660),
(205, 376, 2, 820),
(374, 931, 23, 9430),
(156, 354, 24, 9840),
(397, 277, 22, 9020),
(527, 574, 44, 18040),
(37, 588, 21, 8610),
(120, 92, 45, 18450),
(428, 241, 27, 11070),
(216, 401, 28, 11480),
(529, 299, 29, 11890),
(752, 852, 28, 11480),
(3, 606, 42, 17220),
(260, 298, 35, 14350),
(947, 294, 48, 19680),
(321, 859, 30, 12300),
(521, 79, 43, 17630),
(401, 462, 9, 3690),
(522, 129, 1, 410),
(207, 888, 40, 16400),
(267, 2, 38, 15580),
(660, 956, 38, 15580),
(558, 590, 41, 16810),
(653, 113, 28, 11480),
(869, 720, 29, 11890),
(958, 103, 26, 10660),
(154, 219, 21, 8610),
(209, 86, 21, 8610),
(67, 262, 34, 13940),
(534, 852, 25, 10250),
(172, 72, 30, 12300),
(555, 852, 36, 14760),
(799, 876, 35, 14350),
(794, 421, 17, 6970),
(383, 372, 23, 9430),
(663, 463, 14, 5740),
(646, 96, 13, 5330),
(462, 136, 38, 15580),
(201, 734, 28, 11480),
(159, 734, 17, 6970),
(115, 485, 3, 1230),
(764, 888, 9, 3690),
(927, 463, 11, 4510),
(825, 502, 3, 1230),
(691, 942, 36, 14760),
(5, 570, 32, 13120),
(356, 251, 27, 11070),
(568, 968, 11, 4510),
(494, 638, 14, 5740),
(943, 904, 21, 8610),
(111, 862, 14, 5740),
(214, 611, 6, 2460),
(407, 593, 1, 410),
(418, 225, 46, 18860),
(616, 54, 45, 18450),
(450, 905, 39, 15990),
(171, 918, 18, 7380),
(6, 745, 1, 410),
(972, 35, 2, 820),
(838, 685, 22, 9020),
(843, 534, 30, 12300),
(985, 813, 23, 9430),
(350, 468, 22, 9020),
(472, 438, 32, 13120),
(573, 985, 28, 11480),
(126, 453, 17, 6970),
(844, 755, 31, 12710),
(189, 67, 27, 11070),
(746, 883, 39, 15990),
(852, 106, 1, 410),
(50, 83, 42, 17220),
(664, 756, 37, 15170),
(224, 12, 20, 8200),
(480, 40, 49, 20090),
(507, 648, 43, 17630),
(239, 949, 34, 13940),
(588, 706, 26, 10660),
(741, 447, 28, 11480),
(491, 768, 17, 6970),
(319, 175, 22, 9020),
(96, 894, 10, 4100),
(205, 43, 1, 410),
(317, 252, 19, 7790),
(14, 453, 8, 3280),
(270, 500, 48, 19680),
(362, 689, 30, 12300),
(258, 906, 19, 7790),
(348, 481, 15, 6150),
(179, 565, 5, 2050),
(941, 223, 30, 12300),
(234, 659, 9, 3690),
(318, 233, 49, 20090),
(522, 935, 4, 1640),
(98, 998, 16, 6560),
(139, 997, 23, 9430),
(684, 1000, 8, 3280),
(267, 7, 30, 12300),
(675, 218, 41, 16810),
(599, 991, 25, 10250),
(995, 487, 5, 2050),
(253, 542, 21, 8610),
(716, 80, 46, 18860),
(483, 615, 31, 12710),
(547, 529, 13, 5330),
(811, 696, 11, 4510),
(311, 607, 12, 4920),
(160, 804, 21, 8610),
(843, 142, 11, 4510),
(589, 473, 43, 17630),
(236, 821, 28, 11480),
(34, 37, 24, 9840),
